10741
10553
10330
10911
10750
10893
10878
10761
10479
10258
11636
11815
11824
11362
11417
10173
1029
1103
11686
10466
11627
10247
10325
11046
10904
10497
10599
11670
11053
11089
11917
11889
11729
10482
11603
11431
11062
10193
10162
11092
11714
10477
11614
10256
11075
10656
11665
11705
11004
10661
10179
1023
11126
11734
11246
11117
11015
11215
10057
10641
10159
10499
11500
11083
10630
10042
11723
10488
11609
11100
11068
11196
11752
11137
10680
11231
11747
11160
10832
11200
10064
10827
11852
11515
20050712
10715
10969
10584
1177
1205
10199
11990
11960
